


t =

     0


PF =

         0  127.0000         0
    2.0000   42.0000    6.0000
    2.0000   50.0000    8.5000
    1.0000   86.0000    9.0000


t =

     1


PF =

    2.0000   42.0000    6.0000
    2.0000   50.0000    8.5000
    2.0000   54.0000    6.0000
    1.0000   86.0000    9.0000


PT =

     0     0     0     0     0     0     1     1     0     1     1     0     0     0     1     0     0     1
     0     0     0     0     0     0     1     0     0     0     0     1     0     1     0     1     1     0
     0     0     0     0     0     0     0     1     0     1     1     0     0     0     1     0     0     1
     0     0     0     1     1     1     0     0     0     0     0     0     0     0     0     0     0     0


t =

     2


PF =

    2.0000   42.0000    6.0000
    2.0000   50.0000    8.5000
    2.0000   54.0000    6.0000
    2.0000   42.0000    6.0000


PT =

     0     0     0     0     0     0     1     1     0     1     1     0     0     0     1     0     0     1
     0     0     0     0     0     0     1     0     0     0     0     1     0     1     0     1     1     0
     0     0     0     0     0     0     0     1     0     1     1     0     0     0     1     0     0     1
     0     0     0     0     0     0     1     1     0     1     1     0     0     0     1     0     0     1


t =

     3


PF =

    2.0000   42.0000    6.0000
    2.0000   50.0000    8.5000
    2.0000   54.0000    6.0000
    2.0000   54.0000    6.0000


PT =

     0     0     0     0     0     0     1     1     0     1     1     0     0     0     1     0     0     1
     0     0     0     0     0     0     1     0     0     0     0     1     0     1     0     1     1     0
     0     0     0     0     0     0     0     1     0     1     1     0     0     0     1     0     0     1
     0     0     0     0     0     0     0     1     0     1     1     0     0     0     1     0     0     1


t =

     4


PF =

    2.0000   42.0000    6.0000
    2.0000   50.0000    8.5000
    2.0000   54.0000    6.0000
    2.0000   54.0000    6.0000


PT =

     0     0     0     0     0     0     1     1     0     1     1     0     0     0     1     0     0     1
     0     0     0     0     0     0     1     0     0     0     0     1     0     1     0     1     1     0
     0     0     0     0     0     0     0     1     0     1     1     0     0     0     1     0     0     1
     0     0     0     0     0     0     0     1     0     1     1     0     0     0     1     0     0     1


t =

     5


PF =

    2.0000   42.0000    6.0000
    2.0000   50.0000    8.5000
    2.0000   54.0000    6.0000
    2.0000   54.0000    6.0000


PT =

     0     0     0     0     0     0     1     1     0     1     1     0     0     0     1     0     0     1
     0     0     0     0     0     0     1     0     0     0     0     1     0     1     0     1     1     0
     0     0     0     0     0     0     0     1     0     1     1     0     0     0     1     0     0     1
     0     0     0     0     0     0     0     1     0     1     1     0     0     0     1     0     0     1


t =

     6


PF =

    2.0000   42.0000    6.0000
    2.0000   50.0000    8.5000
    2.0000   54.0000    6.0000
    2.0000   54.0000    6.0000


PT =

     0     0     0     0     0     0     1     1     0     1     1     0     0     0     1     0     0     1
     0     0     0     0     0     0     1     0     0     0     0     1     0     1     0     1     1     0
     0     0     0     0     0     0     0     1     0     1     1     0     0     0     1     0     0     1
     0     0     0     0     0     0     0     1     0     1     1     0     0     0     1     0     0     1


t =

     7


PF =

    2.0000   42.0000    6.0000
    2.0000   50.0000    8.5000
    2.0000   54.0000    6.0000
    2.0000   54.0000    6.0000


PT =

     0     0     0     0     0     0     1     1     0     1     1     0     0     0     1     0     0     1
     0     0     0     0     0     0     1     0     0     0     0     1     0     1     0     1     1     0
     0     0     0     0     0     0     0     1     0     1     1     0     0     0     1     0     0     1
     0     0     0     0     0     0     0     1     0     1     1     0     0     0     1     0     0     1


t =

     8


PF =

    2.0000   42.0000    6.0000
    2.0000   50.0000    8.5000
    2.0000   54.0000    6.0000
    2.0000   54.0000    6.0000


PT =

     0     0     0     0     0     0     1     1     0     1     1     0     0     0     1     0     0     1
     0     0     0     0     0     0     1     0     0     0     0     1     0     1     0     1     1     0
     0     0     0     0     0     0     0     1     0     1     1     0     0     0     1     0     0     1
     0     0     0     0     0     0     0     1     0     1     1     0     0     0     1     0     0     1


t =

     9


PF =

    2.0000   42.0000    6.0000
    2.0000   50.0000    8.5000
    2.0000   54.0000    6.0000
    2.0000   54.0000    6.0000


PT =

     0     0     0     0     0     0     1     1     0     1     1     0     0     0     1     0     0     1
     0     0     0     0     0     0     1     0     0     0     0     1     0     1     0     1     1     0
     0     0     0     0     0     0     0     1     0     1     1     0     0     0     1     0     0     1
     0     0     0     0     0     0     0     1     0     1     1     0     0     0     1     0     0     1


t =

    10


PF =

    2.0000   42.0000    6.0000
    2.0000   50.0000    8.5000
    2.0000   54.0000    6.0000
    2.0000   54.0000    6.0000


PT =

     0     0     0     0     0     0     1     1     0     1     1     0     0     0     1     0     0     1
     0     0     0     0     0     0     1     0     0     0     0     1     0     1     0     1     1     0
     0     0     0     0     0     0     0     1     0     1     1     0     0     0     1     0     0     1
     0     0     0     0     0     0     0     1     0     1     1     0     0     0     1     0     0     1


t =

    11


PF =

    2.0000   42.0000    6.0000
    2.0000   50.0000    8.5000
    2.0000   54.0000    6.0000
    2.0000   54.0000    6.0000


PT =

     0     0     0     0     0     0     1     1     0     1     1     0     0     0     1     0     0     1
     0     0     0     0     0     0     1     0     0     0     0     1     0     1     0     1     1     0
     0     0     0     0     0     0     0     1     0     1     1     0     0     0     1     0     0     1
     0     0     0     0     0     0     0     1     0     1     1     0     0     0     1     0     0     1


t =

    12


PF =

    2.0000   42.0000    6.0000
    2.0000   50.0000    8.5000
    2.0000   54.0000    6.0000
    2.0000   54.0000    6.0000


PT =

     0     0     0     0     0     0     1     1     0     1     1     0     0     0     1     0     0     1
     0     0     0     0     0     0     1     0     0     0     0     1     0     1     0     1     1     0
     0     0     0     0     0     0     0     1     0     1     1     0     0     0     1     0     0     1
     0     0     0     0     0     0     0     1     0     1     1     0     0     0     1     0     0     1


t =

    13


PF =

    2.0000   42.0000    6.0000
    2.0000   50.0000    8.5000
    2.0000   54.0000    6.0000
    2.0000   54.0000    6.0000


PT =

     0     0     0     0     0     0     1     1     0     1     1     0     0     0     1     0     0     1
     0     0     0     0     0     0     1     0     0     0     0     1     0     1     0     1     1     0
     0     0     0     0     0     0     0     1     0     1     1     0     0     0     1     0     0     1
     0     0     0     0     0     0     0     1     0     1     1     0     0     0     1     0     0     1


t =

    14


PF =

    2.0000   42.0000    6.0000
    2.0000   50.0000    8.5000
    2.0000   54.0000    6.0000
    2.0000   54.0000    6.0000


