M = 6

N = 3

K = 5

pop_siz = 4


RR =

     3     1     0     4     8
     3     1     3     1     8
     8     5     1     2     5
     1     4     9     2    10
     9     4     6     2     4
     6     3     7     7     6


RT =

     4     9     1     3     3
     2     1     5     5     4
     2     0     1     5    10


TD =

    17
    25
    19


D =

    17    19    17    12    11    18
    12    11    12    19    12    17
    15    13    19    20    15    12


S =

     4
     5
     7
     9
     4
     2


Dmax =

    24
    17
    20
    25
    20
    21
